------------------------------------------
  4e+010        0        0  -4e+010  -4e+010   4e+010 
       0 1.06667e+011 -2.66667e+010        0 2.66667e+010 -1.06667e+011 
       0 -2.66667e+010 1.06667e+011        0 -1.06667e+011 2.66667e+010 
 -4e+010        0        0   4e+010   4e+010  -4e+010 
 -4e+010 2.66667e+010 -1.06667e+011   4e+010 1.46667e+011 -6.66667e+010 
  4e+010 -1.06667e+011 2.66667e+010  -4e+010 -6.66667e+010 1.46667e+011 
------------------------------------------
1.86667e+011        0  -4e+010   4e+010        0        0 -1.06667e+011 -1.33333e+010        0 -6.66667e+010        0        0        0        0        0        0        0        0        0        0        0        0  -4e+010   4e+010        0        0        0        0        0        0 
       0 2.53333e+011 2.66667e+010 -1.06667e+011        0        0 1.33333e+010 -6.66667e+010 -6.66667e+010 -2.66667e+010        0        0        0        0        0        0        0        0        0        0        0        0 2.66667e+010 -1.06667e+011        0        0        0        0        0        0 
 -4e+010 2.66667e+010 2.93333e+011 -6.66667e+010  -4e+010   4e+010        0        0 -2.13333e+011 6.66667e+010        0 -6.66667e+010        0        0        0        0        0        0        0        0        0        0        0        0        0        0        0        0        0        0 
  4e+010 -1.06667e+011 -6.66667e+010 2.93333e+011 2.66667e+010 -1.06667e+011        0        0 6.66667e+010  -8e+010 -6.66667e+010 -2.66667e+010        0        0        0        0        0        0        0        0        0        0        0        0        0        0        0        0        0        0 
       0        0  -4e+010 2.66667e+010 1.46667e+011 -6.66667e+010        0        0        0        0 -1.06667e+011   4e+010        0        0        0        0        0        0        0        0        0        0        0        0        0        0        0        0        0        0 
       0        0   4e+010 -1.06667e+011 -6.66667e+010 1.46667e+011        0        0        0        0 2.66667e+010  -4e+010        0        0        0        0        0        0        0        0        0        0        0        0        0        0        0        0        0        0 
-1.06667e+011 1.33333e+010        0        0        0        0   4e+011 -6.66667e+010  -8e+010 6.66667e+010        0        0 -1.06667e+011 2.66667e+010        0 -6.66667e+010        0        0        0        0        0        0 -1.06667e+011 2.66667e+010        0        0        0        0        0        0 
-1.33333e+010  -4e+010        0        0        0        0 -6.66667e+010 3.33333e+011 6.66667e+010 -2.13333e+011        0        0   4e+010  -4e+010 -6.66667e+010 -2.66667e+010        0        0        0        0        0        0   4e+010  -4e+010        0        0        0        0        0        0 
       0 -6.66667e+010 -2.13333e+011 6.66667e+010        0        0  -8e+010 6.66667e+010 5.86667e+011 -1.33333e+011  -8e+010 6.66667e+010        0        0 -2.13333e+011 6.66667e+010        0 -6.66667e+010        0        0        0        0        0        0        0        0        0        0        0        0 
-6.66667e+010 -2.66667e+010 6.66667e+010  -8e+010        0        0 6.66667e+010 -2.13333e+011 -1.33333e+011 5.86667e+011 6.66667e+010 -2.13333e+011        0        0 6.66667e+010  -8e+010 -6.66667e+010 -2.66667e+010        0        0        0        0        0        0        0        0        0        0        0        0 
       0        0        0 -6.66667e+010 -1.06667e+011 2.66667e+010        0        0  -8e+010 6.66667e+010 2.93333e+011 -6.66667e+010        0        0        0        0 -1.06667e+011   4e+010        0        0        0        0        0        0        0        0        0        0        0        0 
       0        0 -6.66667e+010 -2.66667e+010   4e+010  -4e+010        0        0 6.66667e+010 -2.13333e+011 -6.66667e+010 2.93333e+011        0        0        0        0 2.66667e+010  -4e+010        0        0        0        0        0        0        0        0        0        0        0        0 
       0        0        0        0        0        0 -1.06667e+011   4e+010        0        0        0        0 2.93333e+011 -6.66667e+010  -8e+010 6.66667e+010        0        0 -1.06667e+011 2.66667e+010        0 -6.66667e+010        0        0        0        0        0        0        0        0 
       0        0        0        0        0        0 2.66667e+010  -4e+010        0        0        0        0 -6.66667e+010 2.93333e+011 6.66667e+010 -2.13333e+011        0        0   4e+010  -4e+010 -6.66667e+010 -2.66667e+010        0        0        0        0        0        0        0        0 
       0        0        0        0        0        0        0 -6.66667e+010 -2.13333e+011 6.66667e+010        0        0  -8e+010 6.66667e+010 5.86667e+011 -1.33333e+011  -8e+010 6.66667e+010        0        0 -2.13333e+011 6.66667e+010        0 -6.66667e+010        0        0        0        0        0        0 
       0        0        0        0        0        0 -6.66667e+010 -2.66667e+010 6.66667e+010  -8e+010        0        0 6.66667e+010 -2.13333e+011 -1.33333e+011 5.86667e+011 6.66667e+010 -2.13333e+011        0        0 6.66667e+010  -8e+010 -6.66667e+010 -2.66667e+010        0        0        0        0        0        0 
       0        0        0        0        0        0        0        0        0 -6.66667e+010 -1.06667e+011 2.66667e+010        0        0  -8e+010 6.66667e+010 2.93333e+011 -6.66667e+010        0        0        0        0 -1.06667e+011   4e+010        0        0        0        0        0        0 
       0        0        0        0        0        0        0        0 -6.66667e+010 -2.66667e+010   4e+010  -4e+010        0        0 6.66667e+010 -2.13333e+011 -6.66667e+010 2.93333e+011        0        0        0        0 2.66667e+010  -4e+010        0        0        0        0        0        0 
       0        0        0        0        0        0        0        0        0        0        0        0 -1.06667e+011   4e+010        0        0        0        0 2.93333e+011 -6.66667e+010  -8e+010 6.66667e+010        0        0 -1.06667e+011 2.66667e+010        0 -6.66667e+010        0        0 
       0        0        0        0        0        0        0        0        0        0        0        0 2.66667e+010  -4e+010        0        0        0        0 -6.66667e+010 2.93333e+011 6.66667e+010 -2.13333e+011        0        0   4e+010  -4e+010 -6.66667e+010 -2.66667e+010        0        0 
       0        0        0        0        0        0        0        0        0        0        0        0        0 -6.66667e+010 -2.13333e+011 6.66667e+010        0        0  -8e+010 6.66667e+010 5.46667e+011 -1.33333e+011  -4e+010 2.66667e+010        0        0 -2.13333e+011 6.66667e+010        0 -2.66667e+010 
       0        0        0        0        0        0        0        0        0        0        0        0 -6.66667e+010 -2.66667e+010 6.66667e+010  -8e+010        0        0 6.66667e+010 -2.13333e+011 -1.33333e+011 4.8e+011   4e+010 -1.06667e+011        0        0 6.66667e+010  -8e+010  -4e+010        0 
 -4e+010 2.66667e+010        0        0        0        0 -1.06667e+011   4e+010        0        0        0        0        0        0        0 -6.66667e+010 -1.06667e+011 2.66667e+010        0        0  -4e+010   4e+010 2.93333e+011 -6.66667e+010        0        0        0        0        0        0 
  4e+010 -1.06667e+011        0        0        0        0 2.66667e+010  -4e+010        0        0        0        0        0        0 -6.66667e+010 -2.66667e+010   4e+010  -4e+010        0        0 2.66667e+010 -1.06667e+011 -6.66667e+010 2.93333e+011        0        0        0        0        0        0 
       0        0        0        0        0        0        0        0        0        0        0        0        0        0        0        0        0        0 -1.06667e+011   4e+010        0        0        0        0 1.46667e+011 -6.66667e+010  -4e+010 2.66667e+010        0        0 
       0        0        0        0        0        0        0        0        0        0        0        0        0        0        0        0        0        0 2.66667e+010  -4e+010        0        0        0        0 -6.66667e+010 1.46667e+011   4e+010 -1.06667e+011        0        0 
       0        0        0        0        0        0        0        0        0        0        0        0        0        0        0        0        0        0        0 -6.66667e+010 -2.13333e+011 6.66667e+010        0        0  -4e+010   4e+010 2.93333e+011 -6.66667e+010  -4e+010 2.66667e+010 
       0        0        0        0        0        0        0        0        0        0        0        0        0        0        0        0        0        0 -6.66667e+010 -2.66667e+010 6.66667e+010  -8e+010        0        0 2.66667e+010 -1.06667e+011 -6.66667e+010 2.93333e+011   4e+010 -1.06667e+011 
       0        0        0        0        0        0        0        0        0        0        0        0        0        0        0        0        0        0        0        0        0  -4e+010        0        0        0        0  -4e+010   4e+010   4e+010        0 
       0        0        0        0        0        0        0        0        0        0        0        0        0        0        0        0        0        0        0        0 -2.66667e+010 -2.66667e+010        0        0        0        0 2.66667e+010 -1.06667e+011        0 1.06667e+011 
